import matplotlib.pyplot as plt

# -----------------------------------------------
# DATA IMPORT
# -----------------------------------------------

Epoch = [1,2,3,4,5,6,7,8,9,10,11,12,13,14,15,16,17,18,19,20,21,22,23,24,25,26,27,28,29,30]

total_loss = [2.4809,0.7865,0.6787,0.5486,0.6274,0.5339,0.4691,0.4697,0.4368,0.4997,0.4117,0.3617,0.3398,0.3623,0.3871,0.3578,0.3410,0.3401,0.3164,0.2911,0.3640,0.3199,0.3006,0.3058,0.2633,0.2742,0.2705,0.2967,0.2883,0.2840]

cls_loss = [1.9414,0.3808,0.2704,0.2195,0.1837,0.1846,0.1664,0.1543,0.1467,0.1743,0.1437,0.1472,0.1373,0.1208,0.1327,0.1323,0.1230,0.1197,0.1107,0.1108,0.1143,0.1109,0.1055,0.1043,0.0966,0.1020,0.0997,0.1082,0.1005,0.0970]

box_loss = [0.0097,0.0070,0.0071,0.0055,0.0078,0.0059,0.0049,0.0052,0.0047,0.0054,0.0043,0.0032,0.0029,0.0037,0.0040,0.0034,0.0032,0.0033,0.0030,0.0025,0.0039,0.0031,0.0028,0.0029,0.0022,0.0023,0.0023,0.0027,0.0026,0.0026]

model_loss = [2.4260,0.7315,0.6236,0.4934,0.5722,0.4786,0.4137,0.4143,0.3814,0.4444,0.3564,0.3063,0.2845,0.3069,0.3317,0.3024,0.2855,0.2847,0.2610,0.2357,0.3086,0.2645,0.2452,0.2504,0.2079,0.2189,0.2151,0.2413,0.2330,0.2287]

val_total_loss = [0.9533,0.4136,0.4129,0.3788,0.3612,0.3309,0.3235,0.3033,0.3177,0.3206,0.3001,0.3077,0.3018,0.3117,0.3346,0.3079,0.2970,0.2999,0.2888,0.2854,0.2965,0.2947,0.2932,0.2876,0.2849,0.3078,0.2938,0.2848,0.3043,0.3038]

val_cls_loss = [0.7074,0.2607,0.2515,0.2239,0.2113,0.1951,0.1823,0.1742,0.1835,0.1806,0.1693,0.1705,0.1777,0.1793,0.1903,0.1841,0.1719,0.1714,0.1650,0.1674,0.1698,0.1755,0.1707,0.1692,0.1687,0.1934,0.1746,0.1671,0.1867,0.1854]

val_box_loss = [0.0038,0.0020,0.0021,0.0020,0.0019,0.0016,0.0017,0.0015,0.0016,0.0017,0.0015,0.0016,0.0014,0.0015,0.0018,0.0014,0.0014,0.0015,0.0014,0.0013,0.0014,0.0013,0.0013,0.0013,0.0012,0.0012,0.0013,0.0012,0.0012,0.0013]

val_model_loss =  [0.8983,0.3586,0.3577,0.3235,0.3060,0.2756,0.2681,0.2479,0.2623,0.2652,0.2448,0.2524,0.2464,0.2564,0.2792,0.2525,0.2416,0.2445,0.2334,0.2300,0.2411,0.2393,0.2378,0.2323,0.2295,0.2524,0.2384,0.2294,0.2490,0.2485]

plt.plot(Epoch, total_loss, label='Total Loss', color='midnightblue')
plt.plot(Epoch, val_total_loss, label='Validation Total Loss', linestyle='--', color='midnightblue')
plt.plot(Epoch, cls_loss, label='Classification Loss', color='darkorange')
plt.plot(Epoch, val_cls_loss, label='Validation Classification Loss', linestyle='--', color='darkorange')
plt.plot(Epoch, box_loss, label='Box Loss', color='green')
plt.plot(Epoch, val_box_loss, label='Validation Box Loss', linestyle='--', color='green')
plt.plot(Epoch, model_loss, label='Model Loss', color='red')
plt.plot(Epoch, val_model_loss, label='Validation Model Loss', linestyle='--', color='red')

plt.title("MobileNetV2 Model V4 Training and Validation Losses")
plt.xlabel("Epoch")
plt.ylabel("Loss")

plt.legend()
plt.grid(True, linestyle='--', alpha=0.6)

plt.show()